0 1.00402
0.001 0.997532
0.002 0.991692
0.003 0.986291
0.004 0.981208
0.005 0.976373
0.006 0.971736
0.007 0.967265
0.008 0.962936
0.009 0.958732
0.01 0.954637
0.011 0.950642
0.012 0.946737
0.013 0.942915
0.014 0.939169
0.015 0.935493
0.016 0.931882
0.017 0.928334
0.018 0.924843
0.019 0.921407
0.02 0.918022
0.021 0.914686
0.022 0.911398
0.023 0.908153
0.024 0.904951
0.025 0.90179
0.026 0.898668
0.027 0.895583
0.028 0.892535
0.029 0.889521
0.03 0.886541
0.031 0.883593
0.032 0.880676
0.033 0.87779
0.034 0.874932
0.035 0.872104
0.036 0.869303
0.037 0.866528
0.038 0.86378
0.039 0.861057
0.04 0.858359
0.041 0.855685
0.042 0.853034
0.043 0.850406
0.044 0.847801
0.045 0.845217
0.046 0.842654
0.047 0.840112
0.048 0.837591
0.049 0.835089
0.05 0.832607
0.051 0.830144
0.052 0.827699
0.053 0.825273
0.054 0.822864
0.055 0.820474
0.056 0.8181
0.057 0.815743
0.058 0.813403
0.059 0.811079
0.06 0.808771
0.061 0.806479
0.062 0.804202
0.063 0.80194
0.064 0.799694
0.065 0.797462
0.066 0.795244
0.067 0.793041
0.068 0.790851
0.069 0.788675
0.07 0.786513
0.071 0.784364
0.072 0.782229
0.073 0.780106
0.074 0.777996
0.075 0.775898
0.076 0.773813
0.077 0.77174
0.078 0.769679
0.079 0.76763
0.08 0.765593
0.081 0.763567
0.082 0.761552
0.083 0.759549
0.084 0.757557
0.085 0.755576
0.086 0.753606
0.087 0.751646
0.088 0.749697
0.089 0.747758
0.09 0.74583
0.091 0.743911
0.092 0.742003
0.093 0.740105
0.094 0.738216
0.095 0.736338
0.096 0.734468
0.097 0.732609
0.098 0.730758
0.099 0.728917
0.1 0.727085
0.101 0.725262
0.102 0.723448
0.103 0.721643
0.104 0.719847
0.105 0.718059
0.106 0.71628
0.107 0.714509
0.108 0.712747
0.109 0.710993
0.11 0.709247
0.111 0.70751
0.112 0.70578
0.113 0.704059
0.114 0.702345
0.115 0.70064
0.116 0.698942
0.117 0.697251
0.118 0.695569
0.119 0.693893
0.12 0.692226
0.121 0.690565
0.122 0.688912
0.123 0.687267
0.124 0.685628
0.125 0.683997
0.126 0.682372
0.127 0.680755
0.128 0.679145
0.129 0.677541
0.13 0.675945
0.131 0.674355
0.132 0.672771
0.133 0.671195
0.134 0.669625
0.135 0.668061
0.136 0.666504
0.137 0.664954
0.138 0.66341
0.139 0.661872
0.14 0.66034
0.141 0.658815
0.142 0.657295
0.143 0.655782
0.144 0.654275
0.145 0.652774
0.146 0.651279
0.147 0.64979
0.148 0.648307
0.149 0.646829
0.15 0.645358
0.151 0.643892
0.152 0.642432
0.153 0.640977
0.154 0.639528
0.155 0.638085
0.156 0.636647
0.157 0.635215
0.158 0.633788
0.159 0.632366
0.16 0.63095
0.161 0.629539
0.162 0.628134
0.163 0.626733
0.164 0.625338
0.165 0.623949
0.166 0.622564
0.167 0.621184
0.168 0.61981
0.169 0.61844
0.17 0.617076
0.171 0.615716
0.172 0.614362
0.173 0.613012
0.174 0.611667
0.175 0.610327
0.176 0.608992
0.177 0.607661
0.178 0.606336
0.179 0.605015
0.18 0.603698
0.181 0.602387
0.182 0.60108
0.183 0.599777
0.184 0.598479
0.185 0.597186
0.186 0.595897
0.187 0.594613
0.188 0.593333
0.189 0.592057
0.19 0.590786
0.191 0.589519
0.192 0.588257
0.193 0.586998
0.194 0.585744
0.195 0.584495
0.196 0.583249
0.197 0.582008
0.198 0.580771
0.199 0.579538
0.2 0.578309
0.201 0.577085
0.202 0.575864
0.203 0.574647
0.204 0.573435
0.205 0.572226
0.206 0.571022
0.207 0.569821
0.208 0.568624
0.209 0.567432
0.21 0.566243
0.211 0.565058
0.212 0.563876
0.213 0.562699
0.214 0.561526
0.215 0.560356
0.216 0.55919
0.217 0.558027
0.218 0.556869
0.219 0.555714
0.22 0.554563
0.221 0.553415
0.222 0.552271
0.223 0.551131
0.224 0.549994
0.225 0.548861
0.226 0.547731
0.227 0.546605
0.228 0.545483
0.229 0.544364
0.23 0.543248
0.231 0.542136
0.232 0.541027
0.233 0.539922
0.234 0.53882
0.235 0.537721
0.236 0.536626
0.237 0.535535
0.238 0.534446
0.239 0.533361
0.24 0.532279
0.241 0.531201
0.242 0.530125
0.243 0.529053
0.244 0.527985
0.245 0.526919
0.246 0.525857
0.247 0.524797
0.248 0.523741
0.249 0.522688
0.25 0.521639
0.251 0.520592
0.252 0.519549
0.253 0.518508
0.254 0.517471
0.255 0.516436
0.256 0.515405
0.257 0.514377
0.258 0.513352
0.259 0.51233
0.26 0.51131
0.261 0.510294
0.262 0.509281
0.263 0.50827
0.264 0.507263
0.265 0.506258
0.266 0.505257
0.267 0.504258
0.268 0.503262
0.269 0.502269
0.27 0.501279
0.271 0.500292
0.272 0.499307
0.273 0.498325
0.274 0.497346
0.275 0.49637
0.276 0.495397
0.277 0.494426
0.278 0.493458
0.279 0.492493
0.28 0.491531
0.281 0.490571
0.282 0.489614
0.283 0.48866
0.284 0.487708
0.285 0.486759
0.286 0.485812
0.287 0.484869
0.288 0.483927
0.289 0.482989
0.29 0.482053
0.291 0.481119
0.292 0.480189
0.293 0.47926
0.294 0.478335
0.295 0.477412
0.296 0.476491
0.297 0.475573
0.298 0.474657
0.299 0.473744
0.3 0.472834
0.301 0.471925
0.302 0.47102
0.303 0.470116
0.304 0.469216
0.305 0.468317
0.306 0.467421
0.307 0.466528
0.308 0.465637
0.309 0.464748
0.31 0.463862
0.311 0.462978
0.312 0.462096
0.313 0.461217
0.314 0.46034
0.315 0.459465
0.316 0.458593
0.317 0.457723
0.318 0.456855
0.319 0.45599
0.32 0.455127
0.321 0.454266
0.322 0.453407
0.323 0.452551
0.324 0.451697
0.325 0.450845
0.326 0.449995
0.327 0.449148
0.328 0.448303
0.329 0.44746
0.33 0.446619
0.331 0.44578
0.332 0.444944
0.333 0.44411
0.334 0.443277
0.335 0.442448
0.336 0.44162
0.337 0.440794
0.338 0.43997
0.339 0.439149
0.34 0.43833
0.341 0.437512
0.342 0.436697
0.343 0.435884
0.344 0.435073
0.345 0.434264
0.346 0.433457
0.347 0.432652
0.348 0.431849
0.349 0.431049
0.35 0.43025
0.351 0.429453
0.352 0.428658
0.353 0.427866
0.354 0.427075
0.355 0.426286
0.356 0.425499
0.357 0.424715
0.358 0.423932
0.359 0.423151
0.36 0.422372
0.361 0.421595
0.362 0.42082
0.363 0.420047
0.364 0.419276
0.365 0.418506
0.366 0.417739
0.367 0.416973
0.368 0.41621
0.369 0.415448
0.37 0.414688
0.371 0.41393
0.372 0.413174
0.373 0.41242
0.374 0.411668
0.375 0.410917
0.376 0.410168
0.377 0.409421
0.378 0.408676
0.379 0.407933
0.38 0.407192
0.381 0.406452
0.382 0.405714
0.383 0.404978
0.384 0.404244
0.385 0.403511
0.386 0.402781
0.387 0.402052
0.388 0.401324
0.389 0.400599
0.39 0.399875
0.391 0.399153
0.392 0.398433
0.393 0.397715
0.394 0.396998
0.395 0.396283
0.396 0.395569
0.397 0.394858
0.398 0.394148
0.399 0.39344
0.4 0.392733
0.401 0.392028
0.402 0.391325
0.403 0.390623
0.404 0.389923
0.405 0.389225
0.406 0.388529
0.407 0.387834
0.408 0.38714
0.409 0.386449
0.41 0.385759
0.411 0.38507
0.412 0.384383
0.413 0.383698
0.414 0.383015
0.415 0.382333
0.416 0.381652
0.417 0.380973
0.418 0.380296
0.419 0.37962
0.42 0.378946
0.421 0.378274
0.422 0.377603
0.423 0.376934
0.424 0.376266
0.425 0.375599
0.426 0.374935
0.427 0.374271
0.428 0.37361
0.429 0.37295
0.43 0.372291
0.431 0.371634
0.432 0.370978
0.433 0.370324
0.434 0.369672
0.435 0.369021
0.436 0.368371
0.437 0.367723
0.438 0.367076
0.439 0.366431
0.44 0.365787
0.441 0.365145
0.442 0.364504
0.443 0.363865
0.444 0.363227
0.445 0.362591
0.446 0.361956
0.447 0.361322
0.448 0.36069
0.449 0.360059
0.45 0.35943
0.451 0.358802
0.452 0.358176
0.453 0.357551
0.454 0.356927
0.455 0.356305
0.456 0.355684
0.457 0.355065
0.458 0.354447
0.459 0.35383
0.46 0.353215
0.461 0.352601
0.462 0.351989
0.463 0.351378
0.464 0.350768
0.465 0.35016
0.466 0.349553
0.467 0.348947
0.468 0.348342
0.469 0.347739
0.47 0.347138
0.471 0.346537
0.472 0.345938
0.473 0.345341
0.474 0.344744
0.475 0.344149
0.476 0.343556
0.477 0.342963
0.478 0.342372
0.479 0.341782
0.48 0.341194
0.481 0.340606
0.482 0.34002
0.483 0.339436
0.484 0.338852
0.485 0.33827
0.486 0.337689
0.487 0.33711
0.488 0.336532
0.489 0.335954
0.49 0.335379
0.491 0.334804
0.492 0.334231
0.493 0.333659
0.494 0.333088
0.495 0.332518
0.496 0.33195
0.497 0.331383
0.498 0.330817
0.499 0.330253
0.5 0.329689
0.501 0.329127
0.502 0.328566
0.503 0.328006
0.504 0.327448
0.505 0.32689
0.506 0.326334
0.507 0.325779
0.508 0.325225
0.509 0.324673
0.51 0.324121
0.511 0.323571
0.512 0.323022
0.513 0.322474
0.514 0.321927
0.515 0.321382
0.516 0.320837
0.517 0.320294
0.518 0.319752
0.519 0.319211
0.52 0.318671
0.521 0.318133
0.522 0.317595
0.523 0.317059
0.524 0.316524
0.525 0.31599
0.526 0.315457
0.527 0.314925
0.528 0.314394
0.529 0.313865
0.53 0.313336
0.531 0.312809
0.532 0.312283
0.533 0.311757
0.534 0.311233
0.535 0.31071
0.536 0.310189
0.537 0.309668
0.538 0.309148
0.539 0.30863
0.54 0.308112
0.541 0.307596
0.542 0.307081
0.543 0.306566
0.544 0.306053
0.545 0.305541
0.546 0.30503
0.547 0.30452
0.548 0.304011
0.549 0.303503
0.55 0.302997
0.551 0.302491
0.552 0.301986
0.553 0.301483
0.554 0.30098
0.555 0.300478
0.556 0.299978
0.557 0.299478
0.558 0.29898
0.559 0.298483
0.56 0.297986
0.561 0.297491
0.562 0.296996
0.563 0.296503
0.564 0.296011
0.565 0.295519
0.566 0.295029
0.567 0.29454
0.568 0.294052
0.569 0.293564
0.57 0.293078
0.571 0.292593
0.572 0.292108
0.573 0.291625
0.574 0.291143
0.575 0.290661
0.576 0.290181
0.577 0.289702
0.578 0.289223
0.579 0.288746
0.58 0.288269
0.581 0.287794
0.582 0.287319
0.583 0.286846
0.584 0.286373
0.585 0.285901
0.586 0.285431
0.587 0.284961
0.588 0.284492
0.589 0.284024
0.59 0.283557
0.591 0.283092
0.592 0.282626
0.593 0.282162
0.594 0.281699
0.595 0.281237
0.596 0.280776
0.597 0.280315
0.598 0.279856
0.599 0.279397
0.6 0.27894
0.601 0.278483
0.602 0.278027
0.603 0.277573
0.604 0.277119
0.605 0.276666
0.606 0.276214
0.607 0.275762
0.608 0.275312
0.609 0.274863
0.61 0.274414
0.611 0.273966
0.612 0.27352
0.613 0.273074
0.614 0.272629
0.615 0.272185
0.616 0.271742
0.617 0.271299
0.618 0.270858
0.619 0.270417
0.62 0.269978
0.621 0.269539
0.622 0.269101
0.623 0.268664
0.624 0.268227
0.625 0.267792
0.626 0.267358
0.627 0.266924
0.628 0.266491
0.629 0.266059
0.63 0.265628
0.631 0.265198
0.632 0.264768
0.633 0.26434
0.634 0.263912
0.635 0.263485
0.636 0.263059
0.637 0.262634
0.638 0.26221
0.639 0.261786
0.64 0.261363
0.641 0.260942
0.642 0.260521
0.643 0.2601
0.644 0.259681
0.645 0.259262
0.646 0.258845
0.647 0.258428
0.648 0.258011
0.649 0.257596
0.65 0.257181
0.651 0.256768
0.652 0.256355
0.653 0.255943
0.654 0.255531
0.655 0.255121
0.656 0.254711
0.657 0.254302
0.658 0.253894
0.659 0.253487
0.66 0.25308
0.661 0.252674
0.662 0.252269
0.663 0.251865
0.664 0.251462
0.665 0.251059
0.666 0.250657
0.667 0.250256
0.668 0.249856
0.669 0.249456
0.67 0.249057
0.671 0.248659
0.672 0.248262
0.673 0.247865
0.674 0.24747
0.675 0.247075
0.676 0.246681
0.677 0.246287
0.678 0.245894
0.679 0.245502
0.68 0.245111
0.681 0.244721
0.682 0.244331
0.683 0.243942
0.684 0.243554
0.685 0.243166
0.686 0.242779
0.687 0.242393
0.688 0.242008
0.689 0.241624
0.69 0.24124
0.691 0.240857
0.692 0.240474
0.693 0.240093
0.694 0.239712
0.695 0.239331
0.696 0.238952
0.697 0.238573
0.698 0.238195
0.699 0.237818
0.7 0.237441
0.701 0.237065
0.702 0.23669
0.703 0.236316
0.704 0.235942
0.705 0.235569
0.706 0.235196
0.707 0.234825
0.708 0.234454
0.709 0.234084
0.71 0.233714
0.711 0.233345
0.712 0.232977
0.713 0.232609
0.714 0.232243
0.715 0.231876
0.716 0.231511
0.717 0.231146
0.718 0.230782
0.719 0.230419
0.72 0.230056
0.721 0.229694
0.722 0.229333
0.723 0.228972
0.724 0.228612
0.725 0.228253
0.726 0.227894
0.727 0.227536
0.728 0.227179
0.729 0.226822
0.73 0.226466
0.731 0.226111
0.732 0.225756
0.733 0.225402
0.734 0.225049
0.735 0.224696
0.736 0.224344
0.737 0.223993
0.738 0.223642
0.739 0.223292
0.74 0.222943
0.741 0.222594
0.742 0.222246
0.743 0.221898
0.744 0.221551
0.745 0.221205
0.746 0.22086
0.747 0.220515
0.748 0.22017
0.749 0.219827
0.75 0.219484
0.751 0.219141
0.752 0.218799
0.753 0.218458
0.754 0.218118
0.755 0.217778
0.756 0.217439
0.757 0.2171
0.758 0.216762
0.759 0.216425
0.76 0.216088
0.761 0.215752
0.762 0.215416
0.763 0.215081
0.764 0.214747
0.765 0.214413
0.766 0.21408
0.767 0.213748
0.768 0.213416
0.769 0.213085
0.77 0.212754
0.771 0.212424
0.772 0.212094
0.773 0.211766
0.774 0.211437
0.775 0.21111
0.776 0.210783
0.777 0.210456
0.778 0.21013
0.779 0.209805
0.78 0.20948
0.781 0.209156
0.782 0.208833
0.783 0.20851
0.784 0.208187
0.785 0.207866
0.786 0.207545
0.787 0.207224
0.788 0.206904
0.789 0.206585
0.79 0.206266
0.791 0.205947
0.792 0.20563
0.793 0.205313
0.794 0.204996
0.795 0.20468
0.796 0.204365
0.797 0.20405
0.798 0.203736
0.799 0.203422
0.8 0.203109
0.801 0.202796
0.802 0.202484
0.803 0.202173
0.804 0.201862
0.805 0.201552
0.806 0.201242
0.807 0.200933
0.808 0.200624
0.809 0.200316
0.81 0.200008
0.811 0.199701
0.812 0.199395
0.813 0.199089
0.814 0.198784
0.815 0.198479
0.816 0.198175
0.817 0.197871
0.818 0.197568
0.819 0.197265
0.82 0.196963
0.821 0.196661
0.822 0.19636
0.823 0.19606
0.824 0.19576
0.825 0.195461
0.826 0.195162
0.827 0.194863
0.828 0.194566
0.829 0.194268
0.83 0.193972
0.831 0.193675
0.832 0.19338
0.833 0.193084
0.834 0.19279
0.835 0.192496
0.836 0.192202
0.837 0.191909
0.838 0.191616
0.839 0.191324
0.84 0.191033
0.841 0.190742
0.842 0.190451
0.843 0.190161
0.844 0.189872
0.845 0.189583
0.846 0.189294
0.847 0.189007
0.848 0.188719
0.849 0.188432
0.85 0.188146
0.851 0.18786
0.852 0.187574
0.853 0.18729
0.854 0.187005
0.855 0.186721
0.856 0.186438
0.857 0.186155
0.858 0.185873
0.859 0.185591
0.86 0.185309
0.861 0.185028
0.862 0.184748
0.863 0.184468
0.864 0.184188
0.865 0.18391
0.866 0.183631
0.867 0.183353
0.868 0.183076
0.869 0.182799
0.87 0.182522
0.871 0.182246
0.872 0.18197
0.873 0.181695
0.874 0.181421
0.875 0.181147
0.876 0.180873
0.877 0.1806
0.878 0.180327
0.879 0.180055
0.88 0.179783
0.881 0.179512
0.882 0.179241
0.883 0.178971
0.884 0.178701
0.885 0.178432
0.886 0.178163
0.887 0.177894
0.888 0.177626
0.889 0.177359
0.89 0.177092
0.891 0.176825
0.892 0.176559
0.893 0.176294
0.894 0.176028
0.895 0.175764
0.896 0.175499
0.897 0.175236
0.898 0.174972
0.899 0.174709
0.9 0.174447
0.901 0.174185
0.902 0.173923
0.903 0.173662
0.904 0.173402
0.905 0.173141
0.906 0.172882
0.907 0.172622
0.908 0.172363
0.909 0.172105
0.91 0.171847
0.911 0.17159
0.912 0.171333
0.913 0.171076
0.914 0.17082
0.915 0.170564
0.916 0.170309
0.917 0.170054
0.918 0.169799
0.919 0.169545
0.92 0.169292
0.921 0.169039
0.922 0.168786
0.923 0.168534
0.924 0.168282
0.925 0.168031
0.926 0.16778
0.927 0.167529
0.928 0.167279
0.929 0.167029
0.93 0.16678
0.931 0.166531
0.932 0.166283
0.933 0.166035
0.934 0.165787
0.935 0.16554
0.936 0.165294
0.937 0.165047
0.938 0.164801
0.939 0.164556
0.94 0.164311
0.941 0.164066
0.942 0.163822
0.943 0.163578
0.944 0.163335
0.945 0.163092
0.946 0.16285
0.947 0.162607
0.948 0.162366
0.949 0.162124
0.95 0.161884
0.951 0.161643
0.952 0.161403
0.953 0.161163
0.954 0.160924
0.955 0.160685
0.956 0.160447
0.957 0.160209
0.958 0.159971
0.959 0.159734
0.96 0.159497
0.961 0.159261
0.962 0.159025
0.963 0.158789
0.964 0.158554
0.965 0.158319
0.966 0.158085
0.967 0.15785
0.968 0.157617
0.969 0.157384
0.97 0.157151
0.971 0.156918
0.972 0.156686
0.973 0.156455
0.974 0.156223
0.975 0.155992
0.976 0.155762
0.977 0.155532
0.978 0.155302
0.979 0.155073
0.98 0.154844
0.981 0.154615
0.982 0.154387
0.983 0.154159
0.984 0.153932
0.985 0.153705
0.986 0.153478
0.987 0.153252
0.988 0.153026
0.989 0.1528
0.99 0.152575
0.991 0.15235
0.992 0.152126
0.993 0.151902
0.994 0.151678
0.995 0.151455
0.996 0.151232
0.997 0.151009
0.998 0.150787
0.999 0.150566
1 0.150344
