0 0.255042
0.001 0.254704
0.002 0.254366
0.003 0.254029
0.004 0.253692
0.005 0.253356
0.006 0.253021
0.007 0.252685
0.008 0.252351
0.009 0.252017
0.01 0.251683
0.011 0.25135
0.012 0.251017
0.013 0.250685
0.014 0.250354
0.015 0.250022
0.016 0.249692
0.017 0.249362
0.018 0.249032
0.019 0.248703
0.02 0.248374
0.021 0.248046
0.022 0.247718
0.023 0.247391
0.024 0.247064
0.025 0.246738
0.026 0.246412
0.027 0.246087
0.028 0.245762
0.029 0.245437
0.03 0.245114
0.031 0.24479
0.032 0.244467
0.033 0.244145
0.034 0.243823
0.035 0.243501
0.036 0.24318
0.037 0.24286
0.038 0.24254
0.039 0.24222
0.04 0.241901
0.041 0.241582
0.042 0.241264
0.043 0.240946
0.044 0.240629
0.045 0.240312
0.046 0.239996
0.047 0.23968
0.048 0.239364
0.049 0.239049
0.05 0.238735
0.051 0.238421
0.052 0.238107
0.053 0.237794
0.054 0.237481
0.055 0.237169
0.056 0.236857
0.057 0.236546
0.058 0.236235
0.059 0.235925
0.06 0.235615
0.061 0.235305
0.062 0.234996
0.063 0.234688
0.064 0.23438
0.065 0.234072
0.066 0.233765
0.067 0.233458
0.068 0.233151
0.069 0.232846
0.07 0.23254
0.071 0.232235
0.072 0.23193
0.073 0.231626
0.074 0.231323
0.075 0.231019
0.076 0.230716
0.077 0.230414
0.078 0.230112
0.079 0.229811
0.08 0.22951
0.081 0.229209
0.082 0.228909
0.083 0.228609
0.084 0.22831
0.085 0.228011
0.086 0.227712
0.087 0.227414
0.088 0.227117
0.089 0.226819
0.09 0.226523
0.091 0.226226
0.092 0.22593
0.093 0.225635
0.094 0.22534
0.095 0.225045
0.096 0.224751
0.097 0.224457
0.098 0.224164
0.099 0.223871
0.1 0.223579
0.101 0.223287
0.102 0.222995
0.103 0.222704
0.104 0.222413
0.105 0.222122
0.106 0.221832
0.107 0.221543
0.108 0.221254
0.109 0.220965
0.11 0.220677
0.111 0.220389
0.112 0.220101
0.113 0.219814
0.114 0.219527
0.115 0.219241
0.116 0.218955
0.117 0.21867
0.118 0.218385
0.119 0.2181
0.12 0.217816
0.121 0.217532
0.122 0.217249
0.123 0.216966
0.124 0.216683
0.125 0.216401
0.126 0.216119
0.127 0.215838
0.128 0.215557
0.129 0.215276
0.13 0.214996
0.131 0.214716
0.132 0.214437
0.133 0.214158
0.134 0.213879
0.135 0.213601
0.136 0.213323
0.137 0.213046
0.138 0.212769
0.139 0.212492
0.14 0.212216
0.141 0.21194
0.142 0.211665
0.143 0.21139
0.144 0.211115
0.145 0.210841
0.146 0.210567
0.147 0.210293
0.148 0.21002
0.149 0.209748
0.15 0.209475
0.151 0.209203
0.152 0.208932
0.153 0.208661
0.154 0.20839
0.155 0.20812
0.156 0.20785
0.157 0.20758
0.158 0.207311
0.159 0.207042
0.16 0.206773
0.161 0.206505
0.162 0.206238
0.163 0.20597
0.164 0.205703
0.165 0.205437
0.166 0.20517
0.167 0.204905
0.168 0.204639
0.169 0.204374
0.17 0.204109
0.171 0.203845
0.172 0.203581
0.173 0.203318
0.174 0.203054
0.175 0.202791
0.176 0.202529
0.177 0.202267
0.178 0.202005
0.179 0.201744
0.18 0.201483
0.181 0.201222
0.182 0.200962
0.183 0.200702
0.184 0.200443
0.185 0.200183
0.186 0.199925
0.187 0.199666
0.188 0.199408
0.189 0.19915
0.19 0.198893
0.191 0.198636
0.192 0.198379
0.193 0.198123
0.194 0.197867
0.195 0.197612
0.196 0.197357
0.197 0.197102
0.198 0.196847
0.199 0.196593
0.2 0.196339
0.201 0.196086
0.202 0.195833
0.203 0.19558
0.204 0.195328
0.205 0.195076
0.206 0.194824
0.207 0.194573
0.208 0.194322
0.209 0.194072
0.21 0.193821
0.211 0.193572
0.212 0.193322
0.213 0.193073
0.214 0.192824
0.215 0.192576
0.216 0.192328
0.217 0.19208
0.218 0.191832
0.219 0.191585
0.22 0.191339
0.221 0.191092
0.222 0.190846
0.223 0.1906
0.224 0.190355
0.225 0.19011
0.226 0.189865
0.227 0.189621
0.228 0.189377
0.229 0.189133
0.23 0.18889
0.231 0.188647
0.232 0.188404
0.233 0.188162
0.234 0.18792
0.235 0.187679
0.236 0.187437
0.237 0.187196
0.238 0.186956
0.239 0.186715
0.24 0.186475
0.241 0.186236
0.242 0.185997
0.243 0.185758
0.244 0.185519
0.245 0.185281
0.246 0.185043
0.247 0.184805
0.248 0.184568
0.249 0.184331
0.25 0.184094
0.251 0.183858
0.252 0.183622
0.253 0.183386
0.254 0.183151
0.255 0.182916
0.256 0.182681
0.257 0.182447
0.258 0.182213
0.259 0.181979
0.26 0.181746
0.261 0.181513
0.262 0.18128
0.263 0.181048
0.264 0.180816
0.265 0.180584
0.266 0.180353
0.267 0.180121
0.268 0.179891
0.269 0.17966
0.27 0.17943
0.271 0.1792
0.272 0.178971
0.273 0.178741
0.274 0.178513
0.275 0.178284
0.276 0.178056
0.277 0.177828
0.278 0.1776
0.279 0.177373
0.28 0.177146
0.281 0.176919
0.282 0.176693
0.283 0.176467
0.284 0.176241
0.285 0.176016
0.286 0.175791
0.287 0.175566
0.288 0.175341
0.289 0.175117
0.29 0.174893
0.291 0.17467
0.292 0.174446
0.293 0.174223
0.294 0.174001
0.295 0.173778
0.296 0.173556
0.297 0.173335
0.298 0.173113
0.299 0.172892
0.3 0.172671
0.301 0.172451
0.302 0.17223
0.303 0.172011
0.304 0.171791
0.305 0.171572
0.306 0.171353
0.307 0.171134
0.308 0.170916
0.309 0.170697
0.31 0.17048
0.311 0.170262
0.312 0.170045
0.313 0.169828
0.314 0.169611
0.315 0.169395
0.316 0.169179
0.317 0.168963
0.318 0.168748
0.319 0.168533
0.32 0.168318
0.321 0.168103
0.322 0.167889
0.323 0.167675
0.324 0.167462
0.325 0.167248
0.326 0.167035
0.327 0.166822
0.328 0.16661
0.329 0.166398
0.33 0.166186
0.331 0.165974
0.332 0.165763
0.333 0.165552
0.334 0.165341
0.335 0.165131
0.336 0.16492
0.337 0.164711
0.338 0.164501
0.339 0.164292
0.34 0.164083
0.341 0.163874
0.342 0.163665
0.343 0.163457
0.344 0.163249
0.345 0.163042
0.346 0.162834
0.347 0.162627
0.348 0.162421
0.349 0.162214
0.35 0.162008
0.351 0.161802
0.352 0.161596
0.353 0.161391
0.354 0.161186
0.355 0.160981
0.356 0.160777
0.357 0.160573
0.358 0.160369
0.359 0.160165
0.36 0.159962
0.361 0.159758
0.362 0.159556
0.363 0.159353
0.364 0.159151
0.365 0.158949
0.366 0.158747
0.367 0.158545
0.368 0.158344
0.369 0.158143
0.37 0.157943
0.371 0.157742
0.372 0.157542
0.373 0.157342
0.374 0.157143
0.375 0.156944
0.376 0.156745
0.377 0.156546
0.378 0.156347
0.379 0.156149
0.38 0.155951
0.381 0.155753
0.382 0.155556
0.383 0.155359
0.384 0.155162
0.385 0.154965
0.386 0.154769
0.387 0.154573
0.388 0.154377
0.389 0.154182
0.39 0.153986
0.391 0.153791
0.392 0.153597
0.393 0.153402
0.394 0.153208
0.395 0.153014
0.396 0.15282
0.397 0.152627
0.398 0.152434
0.399 0.152241
0.4 0.152048
0.401 0.151856
0.402 0.151664
0.403 0.151472
0.404 0.15128
0.405 0.151089
0.406 0.150898
0.407 0.150707
0.408 0.150516
0.409 0.150326
0.41 0.150136
0.411 0.149946
0.412 0.149757
0.413 0.149567
0.414 0.149378
0.415 0.14919
0.416 0.149001
0.417 0.148813
0.418 0.148625
0.419 0.148437
0.42 0.14825
0.421 0.148062
0.422 0.147875
0.423 0.147689
0.424 0.147502
0.425 0.147316
0.426 0.14713
0.427 0.146944
0.428 0.146759
0.429 0.146573
0.43 0.146388
0.431 0.146204
0.432 0.146019
0.433 0.145835
0.434 0.145651
0.435 0.145467
0.436 0.145284
0.437 0.1451
0.438 0.144917
0.439 0.144735
0.44 0.144552
0.441 0.14437
0.442 0.144188
0.443 0.144006
0.444 0.143825
0.445 0.143643
0.446 0.143462
0.447 0.143281
0.448 0.143101
0.449 0.142921
0.45 0.142741
0.451 0.142561
0.452 0.142381
0.453 0.142202
0.454 0.142023
0.455 0.141844
0.456 0.141665
0.457 0.141487
0.458 0.141309
0.459 0.141131
0.46 0.140953
0.461 0.140776
0.462 0.140598
0.463 0.140421
0.464 0.140245
0.465 0.140068
0.466 0.139892
0.467 0.139716
0.468 0.13954
0.469 0.139365
0.47 0.139189
0.471 0.139014
0.472 0.138839
0.473 0.138665
0.474 0.13849
0.475 0.138316
0.476 0.138142
0.477 0.137969
0.478 0.137795
0.479 0.137622
0.48 0.137449
0.481 0.137276
0.482 0.137104
0.483 0.136932
0.484 0.13676
0.485 0.136588
0.486 0.136416
0.487 0.136245
0.488 0.136074
0.489 0.135903
0.49 0.135732
0.491 0.135562
0.492 0.135391
0.493 0.135221
0.494 0.135052
0.495 0.134882
0.496 0.134713
0.497 0.134544
0.498 0.134375
0.499 0.134206
0.5 0.134038
0.501 0.13387
0.502 0.133702
0.503 0.133534
0.504 0.133366
0.505 0.133199
0.506 0.133032
0.507 0.132865
0.508 0.132699
0.509 0.132532
0.51 0.132366
0.511 0.1322
0.512 0.132034
0.513 0.131869
0.514 0.131703
0.515 0.131538
0.516 0.131374
0.517 0.131209
0.518 0.131044
0.519 0.13088
0.52 0.130716
0.521 0.130553
0.522 0.130389
0.523 0.130226
0.524 0.130063
0.525 0.1299
0.526 0.129737
0.527 0.129575
0.528 0.129412
0.529 0.12925
0.53 0.129088
0.531 0.128927
0.532 0.128765
0.533 0.128604
0.534 0.128443
0.535 0.128283
0.536 0.128122
0.537 0.127962
0.538 0.127802
0.539 0.127642
0.54 0.127482
0.541 0.127323
0.542 0.127163
0.543 0.127004
0.544 0.126846
0.545 0.126687
0.546 0.126528
0.547 0.12637
0.548 0.126212
0.549 0.126055
0.55 0.125897
0.551 0.12574
0.552 0.125582
0.553 0.125425
0.554 0.125269
0.555 0.125112
0.556 0.124956
0.557 0.1248
0.558 0.124644
0.559 0.124488
0.56 0.124333
0.561 0.124177
0.562 0.124022
0.563 0.123867
0.564 0.123713
0.565 0.123558
0.566 0.123404
0.567 0.12325
0.568 0.123096
0.569 0.122942
0.57 0.122789
0.571 0.122636
0.572 0.122483
0.573 0.12233
0.574 0.122177
0.575 0.122025
0.576 0.121873
0.577 0.121721
0.578 0.121569
0.579 0.121417
0.58 0.121266
0.581 0.121114
0.582 0.120963
0.583 0.120812
0.584 0.120662
0.585 0.120511
0.586 0.120361
0.587 0.120211
0.588 0.120061
0.589 0.119912
0.59 0.119762
0.591 0.119613
0.592 0.119464
0.593 0.119315
0.594 0.119166
0.595 0.119018
0.596 0.11887
0.597 0.118722
0.598 0.118574
0.599 0.118426
0.6 0.118279
0.601 0.118131
0.602 0.117984
0.603 0.117837
0.604 0.11769
0.605 0.117544
0.606 0.117398
0.607 0.117252
0.608 0.117106
0.609 0.11696
0.61 0.116814
0.611 0.116669
0.612 0.116524
0.613 0.116379
0.614 0.116234
0.615 0.116089
0.616 0.115945
0.617 0.115801
0.618 0.115657
0.619 0.115513
0.62 0.115369
0.621 0.115226
0.622 0.115082
0.623 0.114939
0.624 0.114796
0.625 0.114654
0.626 0.114511
0.627 0.114369
0.628 0.114227
0.629 0.114085
0.63 0.113943
0.631 0.113801
0.632 0.11366
0.633 0.113519
0.634 0.113378
0.635 0.113237
0.636 0.113096
0.637 0.112956
0.638 0.112815
0.639 0.112675
0.64 0.112535
0.641 0.112396
0.642 0.112256
0.643 0.112117
0.644 0.111977
0.645 0.111838
0.646 0.1117
0.647 0.111561
0.648 0.111422
0.649 0.111284
0.65 0.111146
0.651 0.111008
0.652 0.11087
0.653 0.110733
0.654 0.110595
0.655 0.110458
0.656 0.110321
0.657 0.110184
0.658 0.110048
0.659 0.109911
0.66 0.109775
0.661 0.109639
0.662 0.109503
0.663 0.109367
0.664 0.109231
0.665 0.109096
0.666 0.108961
0.667 0.108826
0.668 0.108691
0.669 0.108556
0.67 0.108422
0.671 0.108287
0.672 0.108153
0.673 0.108019
0.674 0.107885
0.675 0.107752
0.676 0.107618
0.677 0.107485
0.678 0.107352
0.679 0.107219
0.68 0.107086
0.681 0.106953
0.682 0.106821
0.683 0.106689
0.684 0.106556
0.685 0.106425
0.686 0.106293
0.687 0.106161
0.688 0.10603
0.689 0.105899
0.69 0.105767
0.691 0.105637
0.692 0.105506
0.693 0.105375
0.694 0.105245
0.695 0.105115
0.696 0.104985
0.697 0.104855
0.698 0.104725
0.699 0.104596
0.7 0.104466
0.701 0.104337
0.702 0.104208
0.703 0.104079
0.704 0.10395
0.705 0.103822
0.706 0.103694
0.707 0.103565
0.708 0.103437
0.709 0.103309
0.71 0.103182
0.711 0.103054
0.712 0.102927
0.713 0.1028
0.714 0.102673
0.715 0.102546
0.716 0.102419
0.717 0.102293
0.718 0.102166
0.719 0.10204
0.72 0.101914
0.721 0.101788
0.722 0.101662
0.723 0.101537
0.724 0.101411
0.725 0.101286
0.726 0.101161
0.727 0.101036
0.728 0.100911
0.729 0.100787
0.73 0.100662
0.731 0.100538
0.732 0.100414
0.733 0.10029
0.734 0.100166
0.735 0.100043
0.736 0.0999194
0.737 0.0997961
0.738 0.099673
0.739 0.09955
0.74 0.0994272
0.741 0.0993046
0.742 0.0991821
0.743 0.0990598
0.744 0.0989376
0.745 0.0988156
0.746 0.0986937
0.747 0.098572
0.748 0.0984505
0.749 0.0983291
0.75 0.0982079
0.751 0.0980868
0.752 0.0979659
0.753 0.0978452
0.754 0.0977246
0.755 0.0976041
0.756 0.0974838
0.757 0.0973637
0.758 0.0972437
0.759 0.0971239
0.76 0.0970043
0.761 0.0968848
0.762 0.0967654
0.763 0.0966462
0.764 0.0965272
0.765 0.0964083
0.766 0.0962895
0.767 0.096171
0.768 0.0960525
0.769 0.0959343
0.77 0.0958161
0.771 0.0956982
0.772 0.0955803
0.773 0.0954627
0.774 0.0953452
0.775 0.0952278
0.776 0.0951106
0.777 0.0949935
0.778 0.0948766
0.779 0.0947599
0.78 0.0946433
0.781 0.0945268
0.782 0.0944105
0.783 0.0942944
0.784 0.0941784
0.785 0.0940625
0.786 0.0939468
0.787 0.0938313
0.788 0.0937159
0.789 0.0936006
0.79 0.0934855
0.791 0.0933706
0.792 0.0932558
0.793 0.0931411
0.794 0.0930266
0.795 0.0929122
0.796 0.092798
0.797 0.0926839
0.798 0.09257
0.799 0.0924562
0.8 0.0923426
0.801 0.0922291
0.802 0.0921158
0.803 0.0920026
0.804 0.0918896
0.805 0.0917767
0.806 0.0916639
0.807 0.0915513
0.808 0.0914388
0.809 0.0913265
0.81 0.0912144
0.811 0.0911023
0.812 0.0909904
0.813 0.0908787
0.814 0.0907671
0.815 0.0906557
0.816 0.0905444
0.817 0.0904332
0.818 0.0903222
0.819 0.0902113
0.82 0.0901006
0.821 0.08999
0.822 0.0898795
0.823 0.0897692
0.824 0.089659
0.825 0.089549
0.826 0.0894391
0.827 0.0893294
0.828 0.0892198
0.829 0.0891103
0.83 0.089001
0.831 0.0888919
0.832 0.0887828
0.833 0.0886739
0.834 0.0885652
0.835 0.0884565
0.836 0.0883481
0.837 0.0882397
0.838 0.0881315
0.839 0.0880235
0.84 0.0879156
0.841 0.0878078
0.842 0.0877001
0.843 0.0875926
0.844 0.0874853
0.845 0.087378
0.846 0.0872709
0.847 0.087164
0.848 0.0870572
0.849 0.0869505
0.85 0.086844
0.851 0.0867376
0.852 0.0866313
0.853 0.0865252
0.854 0.0864192
0.855 0.0863133
0.856 0.0862076
0.857 0.086102
0.858 0.0859965
0.859 0.0858912
0.86 0.085786
0.861 0.085681
0.862 0.0855761
0.863 0.0854713
0.864 0.0853667
0.865 0.0852621
0.866 0.0851578
0.867 0.0850535
0.868 0.0849494
0.869 0.0848455
0.87 0.0847416
0.871 0.0846379
0.872 0.0845343
0.873 0.0844309
0.874 0.0843276
0.875 0.0842244
0.876 0.0841214
0.877 0.0840184
0.878 0.0839157
0.879 0.083813
0.88 0.0837105
0.881 0.0836081
0.882 0.0835059
0.883 0.0834037
0.884 0.0833017
0.885 0.0831999
0.886 0.0830981
0.887 0.0829965
0.888 0.0828951
0.889 0.0827937
0.89 0.0826925
0.891 0.0825914
0.892 0.0824905
0.893 0.0823897
0.894 0.082289
0.895 0.0821884
0.896 0.0820879
0.897 0.0819876
0.898 0.0818875
0.899 0.0817874
0.9 0.0816875
0.901 0.0815877
0.902 0.081488
0.903 0.0813885
0.904 0.0812891
0.905 0.0811898
0.906 0.0810906
0.907 0.0809916
0.908 0.0808927
0.909 0.0807939
0.91 0.0806952
0.911 0.0805967
0.912 0.0804983
0.913 0.0804
0.914 0.0803019
0.915 0.0802038
0.916 0.0801059
0.917 0.0800081
0.918 0.0799105
0.919 0.079813
0.92 0.0797156
0.921 0.0796183
0.922 0.0795211
0.923 0.0794241
0.924 0.0793272
0.925 0.0792304
0.926 0.0791337
0.927 0.0790372
0.928 0.0789408
0.929 0.0788445
0.93 0.0787483
0.931 0.0786523
0.932 0.0785564
0.933 0.0784606
0.934 0.0783649
0.935 0.0782693
0.936 0.0781739
0.937 0.0780786
0.938 0.0779834
0.939 0.0778883
0.94 0.0777934
0.941 0.0776985
0.942 0.0776038
0.943 0.0775093
0.944 0.0774148
0.945 0.0773204
0.946 0.0772262
0.947 0.0771321
0.948 0.0770381
0.949 0.0769443
0.95 0.0768505
0.951 0.0767569
0.952 0.0766634
0.953 0.07657
0.954 0.0764767
0.955 0.0763836
0.956 0.0762905
0.957 0.0761976
0.958 0.0761048
0.959 0.0760121
0.96 0.0759196
0.961 0.0758271
0.962 0.0757348
0.963 0.0756426
0.964 0.0755505
0.965 0.0754585
0.966 0.0753667
0.967 0.0752749
0.968 0.0751833
0.969 0.0750918
0.97 0.0750004
0.971 0.0749091
0.972 0.074818
0.973 0.0747269
0.974 0.074636
0.975 0.0745452
0.976 0.0744545
0.977 0.0743639
0.978 0.0742735
0.979 0.0741831
0.98 0.0740929
0.981 0.0740028
0.982 0.0739128
0.983 0.0738229
0.984 0.0737331
0.985 0.0736434
0.986 0.0735539
0.987 0.0734644
0.988 0.0733751
0.989 0.0732859
0.99 0.0731968
0.991 0.0731078
0.992 0.0730189
0.993 0.0729302
0.994 0.0728415
0.995 0.072753
0.996 0.0726646
0.997 0.0725763
0.998 0.0724881
0.999 0.0724
1 0.072312
