0 0.338367
0.001 0.337862
0.002 0.337359
0.003 0.336856
0.004 0.336355
0.005 0.335854
0.006 0.335354
0.007 0.334856
0.008 0.334358
0.009 0.333861
0.01 0.333366
0.011 0.332871
0.012 0.332377
0.013 0.331884
0.014 0.331392
0.015 0.330901
0.016 0.330411
0.017 0.329922
0.018 0.329434
0.019 0.328947
0.02 0.32846
0.021 0.327975
0.022 0.32749
0.023 0.327007
0.024 0.326524
0.025 0.326042
0.026 0.325561
0.027 0.325081
0.028 0.324602
0.029 0.324124
0.03 0.323647
0.031 0.32317
0.032 0.322695
0.033 0.32222
0.034 0.321746
0.035 0.321273
0.036 0.320801
0.037 0.32033
0.038 0.31986
0.039 0.31939
0.04 0.318922
0.041 0.318454
0.042 0.317987
0.043 0.317521
0.044 0.317056
0.045 0.316592
0.046 0.316128
0.047 0.315666
0.048 0.315204
0.049 0.314743
0.05 0.314283
0.051 0.313823
0.052 0.313365
0.053 0.312907
0.054 0.312451
0.055 0.311995
0.056 0.311539
0.057 0.311085
0.058 0.310632
0.059 0.310179
0.06 0.309727
0.061 0.309276
0.062 0.308826
0.063 0.308376
0.064 0.307927
0.065 0.30748
0.066 0.307032
0.067 0.306586
0.068 0.306141
0.069 0.305696
0.07 0.305252
0.071 0.304809
0.072 0.304367
0.073 0.303925
0.074 0.303484
0.075 0.303044
0.076 0.302605
0.077 0.302167
0.078 0.301729
0.079 0.301292
0.08 0.300856
0.081 0.300421
0.082 0.299986
0.083 0.299552
0.084 0.299119
0.085 0.298687
0.086 0.298255
0.087 0.297824
0.088 0.297394
0.089 0.296965
0.09 0.296536
0.091 0.296108
0.092 0.295681
0.093 0.295255
0.094 0.294829
0.095 0.294405
0.096 0.29398
0.097 0.293557
0.098 0.293134
0.099 0.292712
0.1 0.292291
0.101 0.291871
0.102 0.291451
0.103 0.291032
0.104 0.290614
0.105 0.290196
0.106 0.289779
0.107 0.289363
0.108 0.288948
0.109 0.288533
0.11 0.288119
0.111 0.287706
0.112 0.287293
0.113 0.286881
0.114 0.28647
0.115 0.286059
0.116 0.28565
0.117 0.285241
0.118 0.284832
0.119 0.284424
0.12 0.284017
0.121 0.283611
0.122 0.283206
0.123 0.282801
0.124 0.282396
0.125 0.281993
0.126 0.28159
0.127 0.281188
0.128 0.280786
0.129 0.280385
0.13 0.279985
0.131 0.279586
0.132 0.279187
0.133 0.278789
0.134 0.278391
0.135 0.277995
0.136 0.277599
0.137 0.277203
0.138 0.276808
0.139 0.276414
0.14 0.276021
0.141 0.275628
0.142 0.275236
0.143 0.274844
0.144 0.274453
0.145 0.274063
0.146 0.273674
0.147 0.273285
0.148 0.272897
0.149 0.272509
0.15 0.272122
0.151 0.271736
0.152 0.27135
0.153 0.270965
0.154 0.270581
0.155 0.270197
0.156 0.269814
0.157 0.269432
0.158 0.26905
0.159 0.268669
0.16 0.268288
0.161 0.267908
0.162 0.267529
0.163 0.26715
0.164 0.266772
0.165 0.266395
0.166 0.266018
0.167 0.265642
0.168 0.265266
0.169 0.264892
0.17 0.264517
0.171 0.264144
0.172 0.263771
0.173 0.263398
0.174 0.263026
0.175 0.262655
0.176 0.262284
0.177 0.261914
0.178 0.261545
0.179 0.261176
0.18 0.260808
0.181 0.260441
0.182 0.260074
0.183 0.259707
0.184 0.259341
0.185 0.258976
0.186 0.258612
0.187 0.258248
0.188 0.257884
0.189 0.257521
0.19 0.257159
0.191 0.256798
0.192 0.256437
0.193 0.256076
0.194 0.255716
0.195 0.255357
0.196 0.254998
0.197 0.25464
0.198 0.254283
0.199 0.253926
0.2 0.25357
0.201 0.253214
0.202 0.252859
0.203 0.252504
0.204 0.25215
0.205 0.251796
0.206 0.251444
0.207 0.251091
0.208 0.250739
0.209 0.250388
0.21 0.250038
0.211 0.249688
0.212 0.249338
0.213 0.248989
0.214 0.248641
0.215 0.248293
0.216 0.247946
0.217 0.247599
0.218 0.247253
0.219 0.246907
0.22 0.246562
0.221 0.246218
0.222 0.245874
0.223 0.245531
0.224 0.245188
0.225 0.244846
0.226 0.244504
0.227 0.244163
0.228 0.243822
0.229 0.243482
0.23 0.243143
0.231 0.242804
0.232 0.242465
0.233 0.242127
0.234 0.24179
0.235 0.241453
0.236 0.241117
0.237 0.240781
0.238 0.240446
0.239 0.240111
0.24 0.239777
0.241 0.239443
0.242 0.23911
0.243 0.238778
0.244 0.238446
0.245 0.238114
0.246 0.237783
0.247 0.237453
0.248 0.237123
0.249 0.236794
0.25 0.236465
0.251 0.236136
0.252 0.235809
0.253 0.235481
0.254 0.235155
0.255 0.234828
0.256 0.234503
0.257 0.234177
0.258 0.233853
0.259 0.233528
0.26 0.233205
0.261 0.232882
0.262 0.232559
0.263 0.232237
0.264 0.231915
0.265 0.231594
0.266 0.231273
0.267 0.230953
0.268 0.230634
0.269 0.230314
0.27 0.229996
0.271 0.229678
0.272 0.22936
0.273 0.229043
0.274 0.228726
0.275 0.22841
0.276 0.228095
0.277 0.227779
0.278 0.227465
0.279 0.227151
0.28 0.226837
0.281 0.226524
0.282 0.226211
0.283 0.225899
0.284 0.225587
0.285 0.225276
0.286 0.224965
0.287 0.224655
0.288 0.224345
0.289 0.224036
0.29 0.223727
0.291 0.223419
0.292 0.223111
0.293 0.222804
0.294 0.222497
0.295 0.222191
0.296 0.221885
0.297 0.221579
0.298 0.221274
0.299 0.22097
0.3 0.220666
0.301 0.220362
0.302 0.220059
0.303 0.219757
0.304 0.219455
0.305 0.219153
0.306 0.218852
0.307 0.218551
0.308 0.218251
0.309 0.217951
0.31 0.217652
0.311 0.217353
0.312 0.217054
0.313 0.216757
0.314 0.216459
0.315 0.216162
0.316 0.215866
0.317 0.215569
0.318 0.215274
0.319 0.214979
0.32 0.214684
0.321 0.21439
0.322 0.214096
0.323 0.213802
0.324 0.21351
0.325 0.213217
0.326 0.212925
0.327 0.212634
0.328 0.212342
0.329 0.212052
0.33 0.211762
0.331 0.211472
0.332 0.211183
0.333 0.210894
0.334 0.210605
0.335 0.210317
0.336 0.21003
0.337 0.209743
0.338 0.209456
0.339 0.20917
0.34 0.208884
0.341 0.208599
0.342 0.208314
0.343 0.208029
0.344 0.207745
0.345 0.207462
0.346 0.207179
0.347 0.206896
0.348 0.206614
0.349 0.206332
0.35 0.20605
0.351 0.205769
0.352 0.205489
0.353 0.205209
0.354 0.204929
0.355 0.20465
0.356 0.204371
0.357 0.204092
0.358 0.203814
0.359 0.203537
0.36 0.20326
0.361 0.202983
0.362 0.202706
0.363 0.202431
0.364 0.202155
0.365 0.20188
0.366 0.201605
0.367 0.201331
0.368 0.201057
0.369 0.200784
0.37 0.200511
0.371 0.200238
0.372 0.199966
0.373 0.199695
0.374 0.199423
0.375 0.199152
0.376 0.198882
0.377 0.198612
0.378 0.198342
0.379 0.198073
0.38 0.197804
0.381 0.197536
0.382 0.197267
0.383 0.197
0.384 0.196733
0.385 0.196466
0.386 0.196199
0.387 0.195933
0.388 0.195668
0.389 0.195402
0.39 0.195138
0.391 0.194873
0.392 0.194609
0.393 0.194346
0.394 0.194082
0.395 0.19382
0.396 0.193557
0.397 0.193295
0.398 0.193033
0.399 0.192772
0.4 0.192511
0.401 0.192251
0.402 0.191991
0.403 0.191731
0.404 0.191472
0.405 0.191213
0.406 0.190954
0.407 0.190696
0.408 0.190439
0.409 0.190181
0.41 0.189924
0.411 0.189668
0.412 0.189412
0.413 0.189156
0.414 0.1889
0.415 0.188645
0.416 0.188391
0.417 0.188136
0.418 0.187882
0.419 0.187629
0.42 0.187376
0.421 0.187123
0.422 0.186871
0.423 0.186619
0.424 0.186367
0.425 0.186116
0.426 0.185865
0.427 0.185614
0.428 0.185364
0.429 0.185115
0.43 0.184865
0.431 0.184616
0.432 0.184368
0.433 0.184119
0.434 0.183871
0.435 0.183624
0.436 0.183377
0.437 0.18313
0.438 0.182884
0.439 0.182638
0.44 0.182392
0.441 0.182147
0.442 0.181902
0.443 0.181657
0.444 0.181413
0.445 0.181169
0.446 0.180925
0.447 0.180682
0.448 0.18044
0.449 0.180197
0.45 0.179955
0.451 0.179713
0.452 0.179472
0.453 0.179231
0.454 0.178991
0.455 0.17875
0.456 0.17851
0.457 0.178271
0.458 0.178032
0.459 0.177793
0.46 0.177554
0.461 0.177316
0.462 0.177078
0.463 0.176841
0.464 0.176604
0.465 0.176367
0.466 0.176131
0.467 0.175895
0.468 0.175659
0.469 0.175424
0.47 0.175189
0.471 0.174954
0.472 0.17472
0.473 0.174486
0.474 0.174252
0.475 0.174019
0.476 0.173786
0.477 0.173554
0.478 0.173321
0.479 0.17309
0.48 0.172858
0.481 0.172627
0.482 0.172396
0.483 0.172165
0.484 0.171935
0.485 0.171705
0.486 0.171476
0.487 0.171247
0.488 0.171018
0.489 0.170789
0.49 0.170561
0.491 0.170334
0.492 0.170106
0.493 0.169879
0.494 0.169652
0.495 0.169426
0.496 0.169199
0.497 0.168974
0.498 0.168748
0.499 0.168523
0.5 0.168298
0.501 0.168074
0.502 0.16785
0.503 0.167626
0.504 0.167402
0.505 0.167179
0.506 0.166956
0.507 0.166734
0.508 0.166511
0.509 0.16629
0.51 0.166068
0.511 0.165847
0.512 0.165626
0.513 0.165405
0.514 0.165185
0.515 0.164965
0.516 0.164746
0.517 0.164526
0.518 0.164307
0.519 0.164089
0.52 0.16387
0.521 0.163652
0.522 0.163435
0.523 0.163217
0.524 0.163
0.525 0.162783
0.526 0.162567
0.527 0.162351
0.528 0.162135
0.529 0.16192
0.53 0.161704
0.531 0.16149
0.532 0.161275
0.533 0.161061
0.534 0.160847
0.535 0.160633
0.536 0.16042
0.537 0.160207
0.538 0.159994
0.539 0.159782
0.54 0.15957
0.541 0.159358
0.542 0.159147
0.543 0.158936
0.544 0.158725
0.545 0.158514
0.546 0.158304
0.547 0.158094
0.548 0.157884
0.549 0.157675
0.55 0.157466
0.551 0.157257
0.552 0.157049
0.553 0.156841
0.554 0.156633
0.555 0.156426
0.556 0.156219
0.557 0.156012
0.558 0.155805
0.559 0.155599
0.56 0.155393
0.561 0.155187
0.562 0.154982
0.563 0.154777
0.564 0.154572
0.565 0.154367
0.566 0.154163
0.567 0.153959
0.568 0.153755
0.569 0.153552
0.57 0.153349
0.571 0.153146
0.572 0.152944
0.573 0.152742
0.574 0.15254
0.575 0.152338
0.576 0.152137
0.577 0.151936
0.578 0.151735
0.579 0.151535
0.58 0.151335
0.581 0.151135
0.582 0.150935
0.583 0.150736
0.584 0.150537
0.585 0.150338
0.586 0.15014
0.587 0.149942
0.588 0.149744
0.589 0.149547
0.59 0.149349
0.591 0.149152
0.592 0.148956
0.593 0.148759
0.594 0.148563
0.595 0.148367
0.596 0.148172
0.597 0.147976
0.598 0.147781
0.599 0.147587
0.6 0.147392
0.601 0.147198
0.602 0.147004
0.603 0.14681
0.604 0.146617
0.605 0.146424
0.606 0.146231
0.607 0.146039
0.608 0.145847
0.609 0.145655
0.61 0.145463
0.611 0.145272
0.612 0.14508
0.613 0.14489
0.614 0.144699
0.615 0.144509
0.616 0.144319
0.617 0.144129
0.618 0.143939
0.619 0.14375
0.62 0.143561
0.621 0.143372
0.622 0.143184
0.623 0.142996
0.624 0.142808
0.625 0.14262
0.626 0.142433
0.627 0.142246
0.628 0.142059
0.629 0.141873
0.63 0.141686
0.631 0.1415
0.632 0.141315
0.633 0.141129
0.634 0.140944
0.635 0.140759
0.636 0.140574
0.637 0.14039
0.638 0.140206
0.639 0.140022
0.64 0.139838
0.641 0.139655
0.642 0.139472
0.643 0.139289
0.644 0.139106
0.645 0.138924
0.646 0.138742
0.647 0.13856
0.648 0.138378
0.649 0.138197
0.65 0.138016
0.651 0.137835
0.652 0.137655
0.653 0.137474
0.654 0.137294
0.655 0.137115
0.656 0.136935
0.657 0.136756
0.658 0.136577
0.659 0.136398
0.66 0.13622
0.661 0.136041
0.662 0.135863
0.663 0.135686
0.664 0.135508
0.665 0.135331
0.666 0.135154
0.667 0.134977
0.668 0.134801
0.669 0.134625
0.67 0.134449
0.671 0.134273
0.672 0.134097
0.673 0.133922
0.674 0.133747
0.675 0.133572
0.676 0.133398
0.677 0.133224
0.678 0.13305
0.679 0.132876
0.68 0.132702
0.681 0.132529
0.682 0.132356
0.683 0.132183
0.684 0.132011
0.685 0.131839
0.686 0.131666
0.687 0.131495
0.688 0.131323
0.689 0.131152
0.69 0.130981
0.691 0.13081
0.692 0.130639
0.693 0.130469
0.694 0.130299
0.695 0.130129
0.696 0.129959
0.697 0.12979
0.698 0.129621
0.699 0.129452
0.7 0.129283
0.701 0.129115
0.702 0.128947
0.703 0.128779
0.704 0.128611
0.705 0.128443
0.706 0.128276
0.707 0.128109
0.708 0.127942
0.709 0.127776
0.71 0.127609
0.711 0.127443
0.712 0.127277
0.713 0.127112
0.714 0.126946
0.715 0.126781
0.716 0.126616
0.717 0.126452
0.718 0.126287
0.719 0.126123
0.72 0.125959
0.721 0.125795
0.722 0.125632
0.723 0.125468
0.724 0.125305
0.725 0.125142
0.726 0.12498
0.727 0.124817
0.728 0.124655
0.729 0.124493
0.73 0.124332
0.731 0.12417
0.732 0.124009
0.733 0.123848
0.734 0.123687
0.735 0.123526
0.736 0.123366
0.737 0.123206
0.738 0.123046
0.739 0.122886
0.74 0.122727
0.741 0.122568
0.742 0.122409
0.743 0.12225
0.744 0.122091
0.745 0.121933
0.746 0.121775
0.747 0.121617
0.748 0.121459
0.749 0.121302
0.75 0.121144
0.751 0.120987
0.752 0.120831
0.753 0.120674
0.754 0.120518
0.755 0.120361
0.756 0.120205
0.757 0.12005
0.758 0.119894
0.759 0.119739
0.76 0.119584
0.761 0.119429
0.762 0.119274
0.763 0.11912
0.764 0.118966
0.765 0.118812
0.766 0.118658
0.767 0.118504
0.768 0.118351
0.769 0.118198
0.77 0.118045
0.771 0.117892
0.772 0.11774
0.773 0.117587
0.774 0.117435
0.775 0.117284
0.776 0.117132
0.777 0.11698
0.778 0.116829
0.779 0.116678
0.78 0.116527
0.781 0.116377
0.782 0.116226
0.783 0.116076
0.784 0.115926
0.785 0.115776
0.786 0.115627
0.787 0.115477
0.788 0.115328
0.789 0.115179
0.79 0.115031
0.791 0.114882
0.792 0.114734
0.793 0.114586
0.794 0.114438
0.795 0.11429
0.796 0.114143
0.797 0.113995
0.798 0.113848
0.799 0.113701
0.8 0.113555
0.801 0.113408
0.802 0.113262
0.803 0.113116
0.804 0.11297
0.805 0.112824
0.806 0.112679
0.807 0.112533
0.808 0.112388
0.809 0.112244
0.81 0.112099
0.811 0.111954
0.812 0.11181
0.813 0.111666
0.814 0.111522
0.815 0.111378
0.816 0.111235
0.817 0.111092
0.818 0.110949
0.819 0.110806
0.82 0.110663
0.821 0.110521
0.822 0.110378
0.823 0.110236
0.824 0.110094
0.825 0.109953
0.826 0.109811
0.827 0.10967
0.828 0.109529
0.829 0.109388
0.83 0.109247
0.831 0.109107
0.832 0.108966
0.833 0.108826
0.834 0.108686
0.835 0.108546
0.836 0.108407
0.837 0.108267
0.838 0.108128
0.839 0.107989
0.84 0.10785
0.841 0.107712
0.842 0.107573
0.843 0.107435
0.844 0.107297
0.845 0.107159
0.846 0.107022
0.847 0.106884
0.848 0.106747
0.849 0.10661
0.85 0.106473
0.851 0.106336
0.852 0.1062
0.853 0.106063
0.854 0.105927
0.855 0.105791
0.856 0.105655
0.857 0.10552
0.858 0.105384
0.859 0.105249
0.86 0.105114
0.861 0.104979
0.862 0.104845
0.863 0.10471
0.864 0.104576
0.865 0.104442
0.866 0.104308
0.867 0.104174
0.868 0.104041
0.869 0.103907
0.87 0.103774
0.871 0.103641
0.872 0.103508
0.873 0.103375
0.874 0.103243
0.875 0.103111
0.876 0.102979
0.877 0.102847
0.878 0.102715
0.879 0.102583
0.88 0.102452
0.881 0.102321
0.882 0.10219
0.883 0.102059
0.884 0.101928
0.885 0.101798
0.886 0.101667
0.887 0.101537
0.888 0.101407
0.889 0.101278
0.89 0.101148
0.891 0.101019
0.892 0.100889
0.893 0.10076
0.894 0.100631
0.895 0.100503
0.896 0.100374
0.897 0.100246
0.898 0.100118
0.899 0.0999896
0.9 0.0998618
0.901 0.0997341
0.902 0.0996066
0.903 0.0994793
0.904 0.0993522
0.905 0.0992252
0.906 0.0990984
0.907 0.0989718
0.908 0.0988453
0.909 0.0987191
0.91 0.098593
0.911 0.098467
0.912 0.0983413
0.913 0.0982157
0.914 0.0980903
0.915 0.097965
0.916 0.0978399
0.917 0.097715
0.918 0.0975903
0.919 0.0974657
0.92 0.0973413
0.921 0.0972171
0.922 0.0970931
0.923 0.0969692
0.924 0.0968454
0.925 0.0967219
0.926 0.0965985
0.927 0.0964753
0.928 0.0963522
0.929 0.0962294
0.93 0.0961066
0.931 0.0959841
0.932 0.0958617
0.933 0.0957395
0.934 0.0956174
0.935 0.0954956
0.936 0.0953738
0.937 0.0952523
0.938 0.0951309
0.939 0.0950097
0.94 0.0948886
0.941 0.0947677
0.942 0.094647
0.943 0.0945264
0.944 0.094406
0.945 0.0942858
0.946 0.0941657
0.947 0.0940458
0.948 0.093926
0.949 0.0938065
0.95 0.093687
0.951 0.0935678
0.952 0.0934487
0.953 0.0933297
0.954 0.0932109
0.955 0.0930923
0.956 0.0929739
0.957 0.0928556
0.958 0.0927374
0.959 0.0926195
0.96 0.0925016
0.961 0.092384
0.962 0.0922665
0.963 0.0921491
0.964 0.092032
0.965 0.0919149
0.966 0.0917981
0.967 0.0916814
0.968 0.0915648
0.969 0.0914484
0.97 0.0913322
0.971 0.0912161
0.972 0.0911002
0.973 0.0909844
0.974 0.0908688
0.975 0.0907534
0.976 0.0906381
0.977 0.0905229
0.978 0.090408
0.979 0.0902931
0.98 0.0901785
0.981 0.0900639
0.982 0.0899496
0.983 0.0898354
0.984 0.0897213
0.985 0.0896074
0.986 0.0894937
0.987 0.0893801
0.988 0.0892666
0.989 0.0891533
0.99 0.0890402
0.991 0.0889272
0.992 0.0888144
0.993 0.0887017
0.994 0.0885892
0.995 0.0884768
0.996 0.0883646
0.997 0.0882525
0.998 0.0881406
0.999 0.0880288
1 0.0879172
