0 0.505024
0.001 0.504024
0.002 0.503029
0.003 0.50204
0.004 0.501057
0.005 0.500078
0.006 0.499104
0.007 0.498134
0.008 0.497169
0.009 0.496208
0.01 0.495252
0.011 0.494299
0.012 0.49335
0.013 0.492406
0.014 0.491464
0.015 0.490527
0.016 0.489593
0.017 0.488663
0.018 0.487737
0.019 0.486814
0.02 0.485894
0.021 0.484978
0.022 0.484065
0.023 0.483155
0.024 0.482248
0.025 0.481345
0.026 0.480445
0.027 0.479548
0.028 0.478653
0.029 0.477762
0.03 0.476874
0.031 0.475989
0.032 0.475107
0.033 0.474228
0.034 0.473352
0.035 0.472478
0.036 0.471607
0.037 0.47074
0.038 0.469874
0.039 0.469012
0.04 0.468152
0.041 0.467295
0.042 0.466441
0.043 0.465589
0.044 0.46474
0.045 0.463894
0.046 0.46305
0.047 0.462208
0.048 0.461369
0.049 0.460533
0.05 0.459699
0.051 0.458868
0.052 0.458039
0.053 0.457212
0.054 0.456388
0.055 0.455567
0.056 0.454747
0.057 0.45393
0.058 0.453116
0.059 0.452304
0.06 0.451494
0.061 0.450686
0.062 0.449881
0.063 0.449078
0.064 0.448277
0.065 0.447478
0.066 0.446682
0.067 0.445888
0.068 0.445096
0.069 0.444306
0.07 0.443519
0.071 0.442733
0.072 0.44195
0.073 0.441169
0.074 0.44039
0.075 0.439613
0.076 0.438838
0.077 0.438065
0.078 0.437294
0.079 0.436526
0.08 0.435759
0.081 0.434994
0.082 0.434232
0.083 0.433471
0.084 0.432713
0.085 0.431956
0.086 0.431202
0.087 0.430449
0.088 0.429698
0.089 0.42895
0.09 0.428203
0.091 0.427458
0.092 0.426715
0.093 0.425974
0.094 0.425235
0.095 0.424497
0.096 0.423762
0.097 0.423029
0.098 0.422297
0.099 0.421567
0.1 0.420839
0.101 0.420113
0.102 0.419388
0.103 0.418666
0.104 0.417945
0.105 0.417226
0.106 0.416509
0.107 0.415794
0.108 0.41508
0.109 0.414368
0.11 0.413658
0.111 0.41295
0.112 0.412243
0.113 0.411538
0.114 0.410835
0.115 0.410133
0.116 0.409434
0.117 0.408736
0.118 0.408039
0.119 0.407344
0.12 0.406651
0.121 0.40596
0.122 0.40527
0.123 0.404582
0.124 0.403896
0.125 0.403211
0.126 0.402528
0.127 0.401846
0.128 0.401166
0.129 0.400488
0.13 0.399811
0.131 0.399136
0.132 0.398462
0.133 0.39779
0.134 0.39712
0.135 0.396451
0.136 0.395784
0.137 0.395118
0.138 0.394454
0.139 0.393791
0.14 0.39313
0.141 0.392471
0.142 0.391813
0.143 0.391156
0.144 0.390501
0.145 0.389847
0.146 0.389195
0.147 0.388545
0.148 0.387896
0.149 0.387248
0.15 0.386602
0.151 0.385958
0.152 0.385314
0.153 0.384673
0.154 0.384032
0.155 0.383394
0.156 0.382756
0.157 0.38212
0.158 0.381486
0.159 0.380853
0.16 0.380221
0.161 0.379591
0.162 0.378962
0.163 0.378335
0.164 0.377709
0.165 0.377084
0.166 0.376461
0.167 0.375839
0.168 0.375218
0.169 0.374599
0.17 0.373981
0.171 0.373365
0.172 0.37275
0.173 0.372136
0.174 0.371524
0.175 0.370913
0.176 0.370303
0.177 0.369695
0.178 0.369088
0.179 0.368482
0.18 0.367878
0.181 0.367275
0.182 0.366673
0.183 0.366073
0.184 0.365474
0.185 0.364876
0.186 0.364279
0.187 0.363684
0.188 0.36309
0.189 0.362497
0.19 0.361906
0.191 0.361316
0.192 0.360727
0.193 0.360139
0.194 0.359553
0.195 0.358968
0.196 0.358384
0.197 0.357801
0.198 0.35722
0.199 0.35664
0.2 0.356061
0.201 0.355483
0.202 0.354907
0.203 0.354331
0.204 0.353757
0.205 0.353185
0.206 0.352613
0.207 0.352042
0.208 0.351473
0.209 0.350905
0.21 0.350338
0.211 0.349773
0.212 0.349208
0.213 0.348645
0.214 0.348083
0.215 0.347522
0.216 0.346962
0.217 0.346404
0.218 0.345846
0.219 0.34529
0.22 0.344735
0.221 0.344181
0.222 0.343628
0.223 0.343076
0.224 0.342526
0.225 0.341976
0.226 0.341428
0.227 0.340881
0.228 0.340335
0.229 0.33979
0.23 0.339246
0.231 0.338703
0.232 0.338162
0.233 0.337621
0.234 0.337082
0.235 0.336544
0.236 0.336006
0.237 0.33547
0.238 0.334935
0.239 0.334401
0.24 0.333869
0.241 0.333337
0.242 0.332806
0.243 0.332277
0.244 0.331748
0.245 0.331221
0.246 0.330694
0.247 0.330169
0.248 0.329645
0.249 0.329121
0.25 0.328599
0.251 0.328078
0.252 0.327558
0.253 0.327039
0.254 0.326521
0.255 0.326004
0.256 0.325488
0.257 0.324973
0.258 0.324459
0.259 0.323947
0.26 0.323435
0.261 0.322924
0.262 0.322414
0.263 0.321905
0.264 0.321398
0.265 0.320891
0.266 0.320385
0.267 0.31988
0.268 0.319377
0.269 0.318874
0.27 0.318372
0.271 0.317871
0.272 0.317371
0.273 0.316873
0.274 0.316375
0.275 0.315878
0.276 0.315382
0.277 0.314887
0.278 0.314393
0.279 0.3139
0.28 0.313408
0.281 0.312917
0.282 0.312427
0.283 0.311938
0.284 0.31145
0.285 0.310963
0.286 0.310476
0.287 0.309991
0.288 0.309506
0.289 0.309023
0.29 0.308541
0.291 0.308059
0.292 0.307578
0.293 0.307099
0.294 0.30662
0.295 0.306142
0.296 0.305665
0.297 0.305189
0.298 0.304714
0.299 0.30424
0.3 0.303766
0.301 0.303294
0.302 0.302822
0.303 0.302352
0.304 0.301882
0.305 0.301413
0.306 0.300946
0.307 0.300479
0.308 0.300013
0.309 0.299547
0.31 0.299083
0.311 0.29862
0.312 0.298157
0.313 0.297695
0.314 0.297235
0.315 0.296775
0.316 0.296316
0.317 0.295858
0.318 0.2954
0.319 0.294944
0.32 0.294488
0.321 0.294034
0.322 0.29358
0.323 0.293127
0.324 0.292675
0.325 0.292223
0.326 0.291773
0.327 0.291323
0.328 0.290875
0.329 0.290427
0.33 0.28998
0.331 0.289534
0.332 0.289088
0.333 0.288644
0.334 0.2882
0.335 0.287757
0.336 0.287315
0.337 0.286874
0.338 0.286433
0.339 0.285994
0.34 0.285555
0.341 0.285117
0.342 0.28468
0.343 0.284244
0.344 0.283808
0.345 0.283374
0.346 0.28294
0.347 0.282507
0.348 0.282075
0.349 0.281643
0.35 0.281212
0.351 0.280783
0.352 0.280354
0.353 0.279925
0.354 0.279498
0.355 0.279071
0.356 0.278645
0.357 0.27822
0.358 0.277796
0.359 0.277372
0.36 0.276949
0.361 0.276528
0.362 0.276106
0.363 0.275686
0.364 0.275266
0.365 0.274847
0.366 0.274429
0.367 0.274012
0.368 0.273595
0.369 0.273179
0.37 0.272764
0.371 0.27235
0.372 0.271936
0.373 0.271524
0.374 0.271112
0.375 0.2707
0.376 0.27029
0.377 0.26988
0.378 0.269471
0.379 0.269063
0.38 0.268655
0.381 0.268248
0.382 0.267842
0.383 0.267437
0.384 0.267032
0.385 0.266628
0.386 0.266225
0.387 0.265823
0.388 0.265421
0.389 0.26502
0.39 0.26462
0.391 0.26422
0.392 0.263822
0.393 0.263424
0.394 0.263026
0.395 0.26263
0.396 0.262234
0.397 0.261838
0.398 0.261444
0.399 0.26105
0.4 0.260657
0.401 0.260265
0.402 0.259873
0.403 0.259482
0.404 0.259092
0.405 0.258702
0.406 0.258313
0.407 0.257925
0.408 0.257538
0.409 0.257151
0.41 0.256765
0.411 0.256379
0.412 0.255995
0.413 0.255611
0.414 0.255227
0.415 0.254844
0.416 0.254462
0.417 0.254081
0.418 0.253701
0.419 0.253321
0.42 0.252941
0.421 0.252563
0.422 0.252185
0.423 0.251807
0.424 0.251431
0.425 0.251055
0.426 0.25068
0.427 0.250305
0.428 0.249931
0.429 0.249558
0.43 0.249185
0.431 0.248813
0.432 0.248442
0.433 0.248071
0.434 0.247701
0.435 0.247332
0.436 0.246963
0.437 0.246595
0.438 0.246228
0.439 0.245861
0.44 0.245495
0.441 0.24513
0.442 0.244765
0.443 0.244401
0.444 0.244037
0.445 0.243674
0.446 0.243312
0.447 0.24295
0.448 0.242589
0.449 0.242229
0.45 0.241869
0.451 0.24151
0.452 0.241151
0.453 0.240794
0.454 0.240436
0.455 0.24008
0.456 0.239724
0.457 0.239368
0.458 0.239014
0.459 0.238659
0.46 0.238306
0.461 0.237953
0.462 0.237601
0.463 0.237249
0.464 0.236898
0.465 0.236547
0.466 0.236198
0.467 0.235848
0.468 0.2355
0.469 0.235152
0.47 0.234804
0.471 0.234457
0.472 0.234111
0.473 0.233766
0.474 0.23342
0.475 0.233076
0.476 0.232732
0.477 0.232389
0.478 0.232046
0.479 0.231704
0.48 0.231363
0.481 0.231022
0.482 0.230681
0.483 0.230342
0.484 0.230003
0.485 0.229664
0.486 0.229326
0.487 0.228989
0.488 0.228652
0.489 0.228316
0.49 0.22798
0.491 0.227645
0.492 0.22731
0.493 0.226976
0.494 0.226643
0.495 0.22631
0.496 0.225978
0.497 0.225646
0.498 0.225315
0.499 0.224985
0.5 0.224655
0.501 0.224325
0.502 0.223996
0.503 0.223668
0.504 0.22334
0.505 0.223013
0.506 0.222687
0.507 0.222361
0.508 0.222035
0.509 0.22171
0.51 0.221386
0.511 0.221062
0.512 0.220739
0.513 0.220416
0.514 0.220094
0.515 0.219772
0.516 0.219451
0.517 0.21913
0.518 0.21881
0.519 0.218491
0.52 0.218172
0.521 0.217853
0.522 0.217536
0.523 0.217218
0.524 0.216902
0.525 0.216585
0.526 0.21627
0.527 0.215954
0.528 0.21564
0.529 0.215326
0.53 0.215012
0.531 0.214699
0.532 0.214386
0.533 0.214074
0.534 0.213763
0.535 0.213452
0.536 0.213141
0.537 0.212831
0.538 0.212522
0.539 0.212213
0.54 0.211905
0.541 0.211597
0.542 0.21129
0.543 0.210983
0.544 0.210676
0.545 0.210371
0.546 0.210065
0.547 0.209761
0.548 0.209456
0.549 0.209153
0.55 0.208849
0.551 0.208547
0.552 0.208244
0.553 0.207943
0.554 0.207641
0.555 0.207341
0.556 0.20704
0.557 0.206741
0.558 0.206441
0.559 0.206143
0.56 0.205845
0.561 0.205547
0.562 0.20525
0.563 0.204953
0.564 0.204657
0.565 0.204361
0.566 0.204065
0.567 0.203771
0.568 0.203476
0.569 0.203183
0.57 0.202889
0.571 0.202596
0.572 0.202304
0.573 0.202012
0.574 0.201721
0.575 0.20143
0.576 0.20114
0.577 0.20085
0.578 0.20056
0.579 0.200271
0.58 0.199983
0.581 0.199695
0.582 0.199407
0.583 0.19912
0.584 0.198833
0.585 0.198547
0.586 0.198262
0.587 0.197976
0.588 0.197692
0.589 0.197407
0.59 0.197124
0.591 0.19684
0.592 0.196557
0.593 0.196275
0.594 0.195993
0.595 0.195712
0.596 0.195431
0.597 0.19515
0.598 0.19487
0.599 0.19459
0.6 0.194311
0.601 0.194032
0.602 0.193754
0.603 0.193476
0.604 0.193199
0.605 0.192922
0.606 0.192646
0.607 0.19237
0.608 0.192094
0.609 0.191819
0.61 0.191544
0.611 0.19127
0.612 0.190997
0.613 0.190723
0.614 0.19045
0.615 0.190178
0.616 0.189906
0.617 0.189634
0.618 0.189363
0.619 0.189093
0.62 0.188823
0.621 0.188553
0.622 0.188284
0.623 0.188015
0.624 0.187746
0.625 0.187478
0.626 0.187211
0.627 0.186943
0.628 0.186677
0.629 0.18641
0.63 0.186145
0.631 0.185879
0.632 0.185614
0.633 0.18535
0.634 0.185086
0.635 0.184822
0.636 0.184559
0.637 0.184296
0.638 0.184033
0.639 0.183771
0.64 0.18351
0.641 0.183249
0.642 0.182988
0.643 0.182728
0.644 0.182468
0.645 0.182208
0.646 0.181949
0.647 0.18169
0.648 0.181432
0.649 0.181174
0.65 0.180917
0.651 0.18066
0.652 0.180404
0.653 0.180147
0.654 0.179892
0.655 0.179636
0.656 0.179381
0.657 0.179127
0.658 0.178873
0.659 0.178619
0.66 0.178366
0.661 0.178113
0.662 0.17786
0.663 0.177608
0.664 0.177357
0.665 0.177105
0.666 0.176855
0.667 0.176604
0.668 0.176354
0.669 0.176104
0.67 0.175855
0.671 0.175606
0.672 0.175358
0.673 0.17511
0.674 0.174862
0.675 0.174615
0.676 0.174368
0.677 0.174122
0.678 0.173875
0.679 0.17363
0.68 0.173384
0.681 0.17314
0.682 0.172895
0.683 0.172651
0.684 0.172407
0.685 0.172164
0.686 0.171921
0.687 0.171678
0.688 0.171436
0.689 0.171194
0.69 0.170953
0.691 0.170712
0.692 0.170471
0.693 0.170231
0.694 0.169991
0.695 0.169751
0.696 0.169512
0.697 0.169273
0.698 0.169035
0.699 0.168797
0.7 0.168559
0.701 0.168322
0.702 0.168085
0.703 0.167849
0.704 0.167613
0.705 0.167377
0.706 0.167141
0.707 0.166906
0.708 0.166672
0.709 0.166438
0.71 0.166204
0.711 0.16597
0.712 0.165737
0.713 0.165504
0.714 0.165272
0.715 0.16504
0.716 0.164808
0.717 0.164577
0.718 0.164346
0.719 0.164115
0.72 0.163885
0.721 0.163655
0.722 0.163426
0.723 0.163196
0.724 0.162968
0.725 0.162739
0.726 0.162511
0.727 0.162283
0.728 0.162056
0.729 0.161829
0.73 0.161602
0.731 0.161376
0.732 0.16115
0.733 0.160925
0.734 0.160699
0.735 0.160474
0.736 0.16025
0.737 0.160026
0.738 0.159802
0.739 0.159578
0.74 0.159355
0.741 0.159133
0.742 0.15891
0.743 0.158688
0.744 0.158466
0.745 0.158245
0.746 0.158024
0.747 0.157803
0.748 0.157583
0.749 0.157363
0.75 0.157143
0.751 0.156924
0.752 0.156705
0.753 0.156486
0.754 0.156268
0.755 0.15605
0.756 0.155833
0.757 0.155615
0.758 0.155398
0.759 0.155182
0.76 0.154965
0.761 0.15475
0.762 0.154534
0.763 0.154319
0.764 0.154104
0.765 0.153889
0.766 0.153675
0.767 0.153461
0.768 0.153247
0.769 0.153034
0.77 0.152821
0.771 0.152609
0.772 0.152396
0.773 0.152185
0.774 0.151973
0.775 0.151762
0.776 0.151551
0.777 0.15134
0.778 0.15113
0.779 0.15092
0.78 0.15071
0.781 0.150501
0.782 0.150292
0.783 0.150083
0.784 0.149875
0.785 0.149667
0.786 0.149459
0.787 0.149252
0.788 0.149045
0.789 0.148838
0.79 0.148631
0.791 0.148425
0.792 0.14822
0.793 0.148014
0.794 0.147809
0.795 0.147604
0.796 0.1474
0.797 0.147195
0.798 0.146992
0.799 0.146788
0.8 0.146585
0.801 0.146382
0.802 0.146179
0.803 0.145977
0.804 0.145775
0.805 0.145573
0.806 0.145372
0.807 0.145171
0.808 0.14497
0.809 0.144769
0.81 0.144569
0.811 0.144369
0.812 0.14417
0.813 0.14397
0.814 0.143772
0.815 0.143573
0.816 0.143375
0.817 0.143177
0.818 0.142979
0.819 0.142781
0.82 0.142584
0.821 0.142388
0.822 0.142191
0.823 0.141995
0.824 0.141799
0.825 0.141603
0.826 0.141408
0.827 0.141213
0.828 0.141018
0.829 0.140824
0.83 0.14063
0.831 0.140436
0.832 0.140242
0.833 0.140049
0.834 0.139856
0.835 0.139664
0.836 0.139471
0.837 0.139279
0.838 0.139087
0.839 0.138896
0.84 0.138705
0.841 0.138514
0.842 0.138323
0.843 0.138133
0.844 0.137943
0.845 0.137753
0.846 0.137564
0.847 0.137375
0.848 0.137186
0.849 0.136997
0.85 0.136809
0.851 0.136621
0.852 0.136433
0.853 0.136246
0.854 0.136059
0.855 0.135872
0.856 0.135685
0.857 0.135499
0.858 0.135313
0.859 0.135127
0.86 0.134942
0.861 0.134756
0.862 0.134572
0.863 0.134387
0.864 0.134203
0.865 0.134019
0.866 0.133835
0.867 0.133651
0.868 0.133468
0.869 0.133285
0.87 0.133103
0.871 0.13292
0.872 0.132738
0.873 0.132556
0.874 0.132375
0.875 0.132193
0.876 0.132012
0.877 0.131832
0.878 0.131651
0.879 0.131471
0.88 0.131291
0.881 0.131111
0.882 0.130932
0.883 0.130753
0.884 0.130574
0.885 0.130395
0.886 0.130217
0.887 0.130039
0.888 0.129861
0.889 0.129684
0.89 0.129507
0.891 0.12933
0.892 0.129153
0.893 0.128977
0.894 0.1288
0.895 0.128625
0.896 0.128449
0.897 0.128274
0.898 0.128098
0.899 0.127924
0.9 0.127749
0.901 0.127575
0.902 0.127401
0.903 0.127227
0.904 0.127053
0.905 0.12688
0.906 0.126707
0.907 0.126534
0.908 0.126362
0.909 0.12619
0.91 0.126018
0.911 0.125846
0.912 0.125674
0.913 0.125503
0.914 0.125332
0.915 0.125162
0.916 0.124991
0.917 0.124821
0.918 0.124651
0.919 0.124481
0.92 0.124312
0.921 0.124143
0.922 0.123974
0.923 0.123805
0.924 0.123637
0.925 0.123469
0.926 0.123301
0.927 0.123133
0.928 0.122966
0.929 0.122799
0.93 0.122632
0.931 0.122465
0.932 0.122299
0.933 0.122132
0.934 0.121966
0.935 0.121801
0.936 0.121635
0.937 0.12147
0.938 0.121305
0.939 0.121141
0.94 0.120976
0.941 0.120812
0.942 0.120648
0.943 0.120484
0.944 0.120321
0.945 0.120158
0.946 0.119995
0.947 0.119832
0.948 0.11967
0.949 0.119507
0.95 0.119345
0.951 0.119184
0.952 0.119022
0.953 0.118861
0.954 0.1187
0.955 0.118539
0.956 0.118378
0.957 0.118218
0.958 0.118058
0.959 0.117898
0.96 0.117738
0.961 0.117579
0.962 0.11742
0.963 0.117261
0.964 0.117102
0.965 0.116944
0.966 0.116786
0.967 0.116628
0.968 0.11647
0.969 0.116312
0.97 0.116155
0.971 0.115998
0.972 0.115841
0.973 0.115685
0.974 0.115528
0.975 0.115372
0.976 0.115216
0.977 0.115061
0.978 0.114905
0.979 0.11475
0.98 0.114595
0.981 0.114441
0.982 0.114286
0.983 0.114132
0.984 0.113978
0.985 0.113824
0.986 0.11367
0.987 0.113517
0.988 0.113364
0.989 0.113211
0.99 0.113058
0.991 0.112906
0.992 0.112753
0.993 0.112601
0.994 0.11245
0.995 0.112298
0.996 0.112147
0.997 0.111996
0.998 0.111845
0.999 0.111694
1 0.111544
