	20160101	-3.0017
	20160102	-3.1184
	20160103	-3.2341
	20160104	-3.3489
	20160105	-3.4626
	20160106	-3.5751
	20160107	-3.6866
	20160108	-3.7969
	20160109	-3.9061
	20160110	-4.0140
	20160111	-4.1206
	20160112	-4.2259
	20160113	-4.3299
	20160114	-4.4325
	20160115	-4.5338
	20160116	-4.6335
	20160117	-4.7319
	20160118	-4.8287
	20160119	-4.9240
	20160120	-5.0177
	20160121	-5.1099
	20160122	-5.2004
	20160123	-5.2893
	20160124	-5.3765
	20160125	-5.4620
	20160126	-5.5458
	20160127	-5.6278
	20160128	-5.7080
	20160129	-5.7864
	20160130	-5.8630
	20160131	-5.9378
	20160201	-6.0106
	20160202	-6.0815
	20160203	-6.1506
	20160204	-6.2176
	20160205	-6.2827
	20160206	-6.3458
	20160207	-6.4069
	20160208	-6.4660
	20160209	-6.5231
	20160210	-6.5780
	20160211	-6.6309
	20160212	-6.6817
	20160213	-6.7305
	20160214	-6.7770
	20160215	-6.8215
	20160216	-6.8638
	20160217	-6.9040
	20160218	-6.9420
	20160219	-6.9778
	20160220	-7.0114
	20160221	-7.0428
	20160222	-7.0721
	20160223	-7.0991
	20160224	-7.1239
	20160225	-7.1465
	20160226	-7.1669
	20160227	-7.1850
	20160228	-7.2009
	20160229	-7.2146
	20160301	-7.2261
	20160302	-7.2353
	20160303	-7.2423
	20160304	-7.2470
	20160305	-7.2496
	20160306	-7.2499
	20160307	-7.2479
	20160308	-7.2438
	20160309	-7.2374
	20160310	-7.2288
	20160311	-7.2181
	20160312	-7.2051
	20160313	-7.1899
	20160314	-7.1726
	20160315	-7.1531
	20160316	-7.1314
	20160317	-7.1076
	20160318	-7.0816
	20160319	-7.0535
	20160320	-7.0233
	20160321	-6.9910
	20160322	-6.9566
	20160323	-6.9201
	20160324	-6.8816
	20160325	-6.8410
	20160326	-6.7984
	20160327	-6.7538
	20160328	-6.7072
	20160329	-6.6586
	20160330	-6.6081
	20160331	-6.5556
	20160401	-6.5012
	20160402	-6.4449
	20160403	-6.3867
	20160404	-6.3267
	20160405	-6.2649
	20160406	-6.2012
	20160407	-6.1357
	20160408	-6.0685
	20160409	-5.9995
	20160410	-5.9288
	20160411	-5.8564
	20160412	-5.7824
	20160413	-5.7067
	20160414	-5.6293
	20160415	-5.5504
	20160416	-5.4699
	20160417	-5.3879
	20160418	-5.3043
	20160419	-5.2193
	20160420	-5.1328
	20160421	-5.0448
	20160422	-4.9555
	20160423	-4.8648
	20160424	-4.7727
	20160425	-4.6793
	20160426	-4.5846
	20160427	-4.4887
	20160428	-4.3915
	20160429	-4.2931
	20160430	-4.1935
	20160501	-4.0928
	20160502	-3.9910
	20160503	-3.8881
	20160504	-3.7842
	20160505	-3.6792
	20160506	-3.5733
	20160507	-3.4664
	20160508	-3.3585
	20160509	-3.2498
	20160510	-3.1402
	20160511	-3.0298
	20160512	-2.9185
	20160513	-2.8065
	20160514	-2.6938
	20160515	-2.5804
	20160516	-2.4662
	20160517	-2.3515
	20160518	-2.2361
	20160519	-2.1202
	20160520	-2.0037
	20160521	-1.8867
	20160522	-1.7692
	20160523	-1.6513
	20160524	-1.5330
	20160525	-1.4142
	20160526	-1.2952
	20160527	-1.1758
	20160528	-1.0561
	20160529	-0.9362
	20160530	-0.8161
	20160531	-0.6957
	20160601	-0.5753
	20160602	-0.4546
	20160603	-0.3340
	20160604	-0.2132
	20160605	-0.0924
	20160606	0.0284
	20160607	0.1491
	20160608	0.2697
	20160609	0.3903
	20160610	0.5107
	20160611	0.6310
	20160612	0.7511
	20160613	0.8709
	20160614	0.9905
	20160615	1.1097
	20160616	1.2287
	20160617	1.3473
	20160618	1.4655
	20160619	1.5833
	20160620	1.7006
	20160621	1.8175
	20160622	1.9338
	20160623	2.0496
	20160624	2.1648
	20160625	2.2795
	20160626	2.3935
	20160627	2.5068
	20160628	2.6195
	20160629	2.7314
	20160630	2.8425
	20160701	2.9529
	20160702	3.0625
	20160703	3.1712
	20160704	3.2791
	20160705	3.3861
	20160706	3.4921
	20160707	3.5972
	20160708	3.7013
	20160709	3.8044
	20160710	3.9065
	20160711	4.0075
	20160712	4.1074
	20160713	4.2061
	20160714	4.3038
	20160715	4.4002
	20160716	4.4955
	20160717	4.5895
	20160718	4.6823
	20160719	4.7738
	20160720	4.8640
	20160721	4.9528
	20160722	5.0404
	20160723	5.1265
	20160724	5.2112
	20160725	5.2945
	20160726	5.3764
	20160727	5.4568
	20160728	5.5357
	20160729	5.6131
	20160730	5.6889
	20160731	5.7632
	20160801	5.8359
	20160802	5.9070
	20160803	5.9764
	20160804	6.0442
	20160805	6.1104
	20160806	6.1748
	20160807	6.2376
	20160808	6.2986
	20160809	6.3579
	20160810	6.4154
	20160811	6.4711
	20160812	6.5250
	20160813	6.5772
	20160814	6.6275
	20160815	6.6759
	20160816	6.7225
	20160817	6.7672
	20160818	6.8100
	20160819	6.8508
	20160820	6.8898
	20160821	6.9268
	20160822	6.9619
	20160823	6.9950
	20160824	7.0262
	20160825	7.0554
	20160826	7.0825
	20160827	7.1077
	20160828	7.1308
	20160829	7.1519
	20160830	7.1710
	20160831	7.1880
	20160901	7.2030
	20160902	7.2159
	20160903	7.2268
	20160904	7.2356
	20160905	7.2423
	20160906	7.2469
	20160907	7.2495
	20160908	7.2499
	20160909	7.2483
	20160910	7.2445
	20160911	7.2387
	20160912	7.2307
	20160913	7.2207
	20160914	7.2086
	20160915	7.1943
	20160916	7.1780
	20160917	7.1595
	20160918	7.1390
	20160919	7.1163
	20160920	7.0916
	20160921	7.0648
	20160922	7.0359
	20160923	7.0049
	20160924	6.9719
	20160925	6.9368
	20160926	6.8996
	20160927	6.8604
	20160928	6.8191
	20160929	6.7758
	20160930	6.7305
	20161001	6.6832
	20161002	6.6339
	20161003	6.5825
	20161004	6.5292
	20161005	6.4740
	20161006	6.4168
	20161007	6.3576
	20161008	6.2966
	20161009	6.2336
	20161010	6.1687
	20161011	6.1020
	20161012	6.0334
	20161013	5.9630
	20161014	5.8908
	20161015	5.8167
	20161016	5.7409
	20161017	5.6633
	20161018	5.5840
	20161019	5.5029
	20161020	5.4202
	20161021	5.3358
	20161022	5.2497
	20161023	5.1621
	20161024	5.0728
	20161025	4.9819
	20161026	4.8895
	20161027	4.7956
	20161028	4.7002
	20161029	4.6033
	20161030	4.5049
	20161031	4.4052
	20161101	4.3041
	20161102	4.2016
	20161103	4.0978
	20161104	3.9927
	20161105	3.8863
	20161106	3.7787
	20161107	3.6699
	20161108	3.5599
	20161109	3.4488
	20161110	3.3366
	20161111	3.2233
	20161112	3.1090
	20161113	2.9937
	20161114	2.8775
	20161115	2.7602
	20161116	2.6421
	20161117	2.5232
	20161118	2.4034
	20161119	2.2828
	20161120	2.1615
	20161121	2.0395
	20161122	1.9168
	20161123	1.7935
	20161124	1.6695
	20161125	1.5451
	20161126	1.4200
	20161127	1.2945
	20161128	1.1686
	20161129	1.0423
	20161130	0.9156
	20161201	0.7885
	20161202	0.6612
	20161203	0.5337
	20161204	0.4059
	20161205	0.2780
	20161206	0.1500
	20161207	0.0218
	20161208	-0.1063
	20161209	-0.2345
	20161210	-0.3626
	20161211	-0.4907
	20161212	-0.6186
	20161213	-0.7463
	20161214	-0.8739
	20161215	-1.0012
	20161216	-1.1282
	20161217	-1.2549
	20161218	-1.3812
	20161219	-1.5072
	20161220	-1.6326
	20161221	-1.7576
	20161222	-1.8821
	20161223	-2.0059
	20161224	-2.1292
	20161225	-2.2518
	20161226	-2.3737
	20161227	-2.4949
	20161228	-2.6154
	20161229	-2.7350
	20161230	-2.8537
	20161231  -2.9716
